2.391412889157831678e+00
2.323238165526848586e+00
2.244572293477713032e+00
2.403669540132811644e+00
2.362843432452530035e+00
2.238972470507495593e+00
2.417219063833291326e+00
2.342301446772505180e+00
2.294903389185157572e+00
2.345366897129108175e+00
2.334820339429008573e+00
2.338706201384247674e+00
2.348967219830773612e+00
2.329692231744345143e+00
2.371252897657789571e+00
2.319038367657769495e+00
2.386801027970872902e+00
2.345112297316535255e+00
2.337348518526957797e+00
2.363775340010760395e+00
2.383569775282516900e+00
2.292530380927707334e+00
2.305756295342932471e+00
2.340114246182675384e+00
2.330666363245909256e+00
2.354838814098382471e+00
2.354635113827034054e+00
2.343302308024208802e+00
2.373895094148862572e+00
2.377499822235060734e+00
2.397734589350510426e+00
2.314739526309626427e+00
2.351344998336316383e+00
2.367982764757459169e+00
2.368182601872731663e+00
2.356532003639113082e+00
2.385789694584240728e+00
2.376920532659242635e+00
2.319910099136297088e+00
2.310824199413383351e+00
