-4.640552020013624102e-01
-4.640029859209152674e-01
8.522136317788179483e+00
-3.765057691667004214e-01
5.722856636617581483e-01
-2.644265710884531995e+00
5.566705617861910760e+00
2.307530910306887950e+00
-4.041821812257246016e+00
-1.855052506523746869e+00
9.302826361298166091e+00
1.792129480107907291e+00
-1.725254871872434315e+00
7.303202748682280365e-01
2.968788592373066137e+00
8.585021282651071672e+00
6.264180142230662440e+00
-2.842220397695054857e+00
2.655911058755639598e+00
8.258578740891627135e+00
1.435141771776087927e+00
-4.011982289444520511e+00
1.112642129840866190e+00
6.126342048731013845e-01
4.682658103738483568e+00
3.548366927575498764e+00
-1.492477993885769072e+00
2.715761591510791551e+00
9.266628777109151116e+00
-9.280329990899701675e-01
3.530423642883712132e-01
-5.410076473575686773e-02
2.298662934365285793e+00
7.292390478616562532e+00
-4.478146840668650874e+00
-1.436862381931571120e+00
7.638664262519723192e-01
2.265735176655277794e+00
6.963464404469016600e+00
8.079971304785452113e-02
