1.939228178749593523e+00
2.915919442786216287e+00
8.099498119817345909e+00
2.000118826099298808e+00
-1.554483567375841480e+00
1.604214278559318529e+00
7.240803850382875773e+00
-1.623291767707721323e-01
-3.512978167825590692e+00
-4.508973602903788347e+00
3.504099876604343411e+00
4.250705331844317314e+00
-1.993272974051290891e+00
9.522295370908122614e-01
5.765662042639005946e+00
6.791541033046430087e+00
-4.959669951386912246e+00
9.698545133034570664e-01
-1.322390100907426813e+00
9.342003272814821457e+00
-1.874641498666935302e+00
-1.211940561532260485e+00
9.743207925644297163e-01
3.372184362760638709e+00
5.651075770378964691e+00
1.287380422821919890e+00
-3.005578889966925793e+00
2.184182477405087752e+00
8.496390785683129110e+00
-1.387724272907814749e+00
3.663345696799980900e+00
3.669415675759115203e+00
3.312425268740003759e+00
4.876622503421458532e+00
-4.224213621651278672e+00
3.447138924933490056e+00
3.630998092317764936e+00
6.302003679408127113e+00
2.254259065924467453e+00
-1.788365543421538639e+00
